% Ea = 12 %Volt
% Jm = 0.01 %Kgm^2
% Bm = 0.00003 %Kgm^2/s
% Ki = 0.023 %Nm/A
% Kb = 0.023 %V/rad/s
% Ra = 1 %ohm
% La = 0.5 %H
b=0.1000;
J = 0.0100;
K = 0.0100;
R = 1;
L = 0.5000;
